4294967294,0
4294967278,94
4294967278,87
4294967278,81
4294967278,72
4294967278,66
4294967278,60
4294967278,54
4294967278,53
4294967278,47
4294967278,41
4294967278,40
4294967279,63
4294967279,62
4294967279,61
4294967279,60
4294967279,54
4294967279,53
4294967279,52
4294967279,51
4294967279,46
4294967279,45
4294967279,18
4294967279,10
4294967279,9
4294967279,8
4294967293,131
4294967293,130
4294967293,129
4294967293,128
4294967293,127
4294967293,126
4294967293,125
4294967293,124
4294967293,123
4294967293,122
4294967293,121
4294967293,120
4294967293,119
4294967293,118
4294967293,117
4294967293,116
4294967293,115
4294967293,114
4294967293,113
4294967293,112
4294967293,111
4294967293,110
4294967293,109
4294967293,108
4294967293,107
4294967293,106
4294967293,105
4294967293,104
4294967293,103
4294967293,102
4294967293,101
4294967293,100
4294967293,99
4294967293,98
4294967293,97
4294967293,96
4294967293,95
4294967293,94
4294967293,93
4294967293,92
4294967293,91
4294967293,90
4294967293,89
4294967293,87
4294967293,86
4294967293,85
4294967293,84
4294967293,83
4294967293,82
4294967293,81
4294967293,80
4294967293,79
4294967293,78
4294967293,77
4294967293,76
4294967293,75
4294967293,74
4294967293,73
4294967293,72
4294967293,71
4294967293,70
4294967293,69
4294967293,68
4294967293,67
4294967293,66
4294967293,65
4294967293,64
4294967293,63
4294967293,62
4294967293,61
4294967293,60
4294967293,59
4294967293,58
4294967293,57
4294967293,56
4294967293,55
4294967293,54
4294967293,53
4294967293,52
4294967293,51
4294967293,50
4294967293,49
4294967293,48
4294967293,47
4294967293,46
4294967293,45
4294967293,44
4294967293,43
4294967293,42
4294967293,41
4294967293,40
4294967293,39
4294967293,38
4294967293,37
4294967293,36
4294967293,35
4294967293,34
4294967293,33
4294967293,32
4294967293,31
4294967293,30
4294967293,29
4294967293,28
4294967293,27
4294967293,26
4294967293,25
4294967293,24
4294967293,23
4294967293,22
4294967293,21
4294967293,20
4294967293,19
4294967293,18
4294967293,17
4294967293,16
4294967293,15
4294967293,14
4294967293,13
4294967293,12
4294967293,11
4294967293,10
4294967293,9
4294967293,8
4294967293,7
4294967293,6
4294967293,5
4294967293,4
4294967293,3
4294967278,403
4294967278,132
4294967278,131
4294967278,130
4294967278,129
4294967278,128
4294967278,127
4294967278,126
4294967278,125
4294967278,124
4294967278,251
4294967278,123
4294967278,122
4294967278,247
4294967278,120
4294967278,119
4294967278,118
4294967278,117
4294967278,116
4294967278,115
4294967278,237
4294967278,114
4294967278,235
4294967278,113
4294967278,112
4294967278,111
4294967278,229
4294967278,110
4294967278,109
4294967278,108
4294967278,107
4294967278,402
4294967278,106
4294967278,401
4294967278,219
4294967278,105
4294967278,217
4294967278,104
4294967278,103
4294967278,408
4294967278,100
4294967278,99
4294967278,98
4294967278,97
4294967278,96
4294967278,93
4294967278,92
4294967278,91
4294967278,90
4294967278,86
4294967278,85
4294967278,84
4294967278,83
4294967278,82
4294967278,80
4294967278,79
4294967278,77
4294967278,76
4294967278,75
4294967278,74
4294967278,73
4294967278,71
4294967278,70
4294967278,68
4294967278,400
4294967278,67
4294967278,65
4294967278,64
4294967278,260
4294967278,62
4294967278,61
4294967278,59
4294967278,58
4294967278,57
4294967278,56
4294967278,55
4294967278,52
4294967278,51
4294967278,50
4294967278,49
4294967278,48
4294967278,46
4294967278,45
4294967278,44
4294967278,43
4294967278,42
4294967278,39
4294967278,38
4294967278,37
4294967278,36
4294967278,35
4294967278,34
4294967278,33
4294967278,32
4294967278,31
4294967278,30
4294967278,29
4294967278,28
4294967278,27
4294967278,26
4294967278,25
4294967278,24
4294967278,23
4294967278,22
4294967278,21
4294967278,0
4294967279,338
4294967279,337
4294967279,335
4294967279,343
4294967279,342
4294967279,58
4294967279,57
4294967279,49
4294967279,48
4294967279,334
4294967279,23
4294967279,22
4294967279,20
4294967279,17
4294967279,15
4294967279,14
4294967279,7
4294967279,282
4294967279,6
4294967279,339
4294967279,281
4294967279,5
4294967279,88
4294967279,2
4294967279,0
4294967279,260
4294967279,4
4294967294,5
4294967279,336
4294967294,505
4294967294,1444
4294967294,1085
4294967294,1242
4294967294,1640
4294967294,1086
4294967294,1451
4294967294,1427
4294967294,1990
4294967294,1994
4294967294,1456
4294967294,1991
4294967294,92
4294967294,91
4294967294,90
4294967294,88
4294967294,84
4294967294,82
4294967294,417
4294967294,52
4294967294,46
4294967294,1277
4294967294,99
1,3
1,0
4294967294,24
4294967294,107
4294967294,2
4294967294,1
4294967294,29
4294967294,28
4294967294,27
4294967294,25
4294967294,26
4294967294,1004
4294967294,1003
4294967294,1002
4294967294,1000
4294967294,999
4294967294,997
4294967294,995
4294967294,994
4294967294,992
4294967294,989
4294967294,988
4294967294,987
4294967294,986
4294967294,985
4294967294,983
4294967294,982
4294967294,981
4294967294,980
4294967294,978
4294967294,976
4294967294,975
4294967294,973
4294967294,972
4294967294,971
4294967294,970
4294967294,966
4294967294,965
4294967294,964
4294967294,961
4294967294,960
4294967294,958
4294967294,955
4294967294,952
4294967294,728
4294967294,951
4294967294,946
4294967294,944
4294967294,940
4294967294,939
4294967294,933
4294967294,931
4294967294,930
4294967294,929
4294967294,927
4294967294,926
4294967294,924
4294967294,921
4294967294,917
4294967294,916
4294967294,911
4294967294,910
4294967294,908
4294967294,907
4294967294,906
4294967294,905
4294967294,904
4294967294,903
4294967294,901
4294967294,899
4294967294,898
4294967294,896
4294967294,895
4294967294,894
4294967294,893
4294967294,888
4294967294,885
4294967294,884
4294967294,883
4294967294,881
4294967294,879
4294967294,877
4294967294,876
4294967294,874
4294967294,872
4294967294,871
4294967294,870
4294967294,867
4294967294,866
4294967294,864
4294967294,863
4294967294,859
4294967294,858
4294967294,857
4294967294,855
4294967294,853
4294967294,851
4294967294,850
4294967294,849
4294967294,724
4294967294,846
4294967294,845
4294967294,844
4294967294,843
4294967294,841
4294967294,839
4294967294,838
4294967294,836
4294967294,835
4294967294,834
4294967294,833
4294967294,832
4294967294,830
4294967294,829
4294967294,828
4294967294,826
4294967294,824
4294967294,823
4294967294,822
4294967294,821
4294967294,820
4294967294,819
4294967294,817
4294967294,816
4294967294,815
4294967294,814
4294967294,813
4294967294,812
4294967294,811
4294967294,810
4294967294,808
4294967294,806
4294967294,805
4294967294,801
4294967294,800
4294967294,799
4294967294,798
4294967294,797
4294967294,793
4294967294,790
4294967294,789
4294967294,788
4294967294,787
4294967294,786
4294967294,785
4294967294,782
4294967294,781
4294967294,779
4294967294,776
4294967294,775
4294967294,774
4294967294,770
4294967294,769
4294967294,768
4294967294,703
4294967294,701
4294967294,700
4294967294,699
4294967294,697
4294967294,696
4294967294,712
4294967294,695
4294967294,692
4294967294,690
4294967294,688
4294967294,686
4294967294,685
4294967294,684
4294967294,682
4294967294,681
4294967294,680
4294967294,679
4294967294,677
4294967294,674
4294967294,672
4294967294,670
4294967294,669
4294967294,706
4294967294,666
4294967294,662
4294967294,659
4294967294,656
4294967294,653
4294967294,651
4294967294,649
4294967294,648
4294967294,647
4294967294,646
4294967294,644
4294967294,642
4294967294,641
4294967294,640
4294967294,635
4294967294,632
4294967294,630
4294967294,625
4294967294,622
4294967294,621
4294967294,619
4294967294,618
4294967294,617
4294967294,616
4294967294,716
4294967294,615
4294967294,638
4294967294,720
4294967294,613
4294967294,612
4294967294,611
4294967294,731
4294967294,610
4294967294,711
4294967294,609
4294967294,730
4294967294,608
4294967294,628
4294967294,607
4294967294,606
4294967294,729
4294967294,605
4294967294,725
4294967294,708
4294967294,639
4294967294,604
4294967294,717
4294967294,727
4294967294,915
4294967294,726
4294967294,705
4294967294,723
4294967294,875
4294967294,792
4294967294,791
4294967294,1258
4294967294,187
4294967294,1447
4294967294,1046
4294967294,579
4294967294,1437
4294967294,235
4294967294,230
4294967294,1239
4294967294,1603
4294967294,443
4294967294,1278
4294967294,1275
4294967294,1987
4294967294,1263
4294967294,437
4294967294,1274
4294967294,1261
4294967294,1624
4294967294,1556
4294967294,1984
4294967294,1555
4294967294,1622
4294967294,1181
4294967294,1554
4294967294,1618
4294967294,1553
4294967294,1552
4294967294,1617
4294967294,1620
4294967294,1992
4294967294,1551
4294967294,1621
4294967294,1602
4294967294,1612
4294967294,1549
4294967294,1614
4294967294,1615
4294967294,1616
4294967294,1548
4294967294,1605
4294967294,1604
4294967294,1547
4294967294,1546
4294967294,578
4294967294,1606
4294967294,1468
4294967294,1545
4294967294,1610
4294967294,1600
4294967294,1544
4294967294,1471
4294967294,1543
4294967294,1466
4294967294,1601
4294967294,444
4294967294,1542
4294967294,1469
4294967294,1541
4294967294,445
4294967294,1465
4294967294,1467
4294967294,602
4294967294,1540
4294967294,1464
4294967294,1539
4294967294,388
4294967294,507
4294967294,1439
4294967294,1458
4294967294,1538
4294967294,601
4294967294,1455
4294967294,429
4294967294,1453
4294967294,1537
4294967294,1450
4294967294,1470
4294967294,1536
4294967294,1460
4294967294,1449
4294967294,1433
4294967294,594
4294967294,431
4294967294,125
4294967294,320
4294967294,575
4294967294,574
4294967294,573
4294967294,572
4294967294,570
4294967294,571
4294967294,569
4294967294,568
4294967294,567
4294967294,566
4294967294,565
4294967294,564
4294967294,563
4294967294,562
4294967294,561
4294967294,560
4294967294,395
4294967294,1457
4294967294,1259
4294967278,399
4294967279,332
4294967279,331
4294967279,330
4294967279,329
4294967279,328
4294967279,333
4294967294,453
4294967294,178
4294967294,413
4294967294,589
4294967294,603
4294967294,448
4294967294,398
4294967294,452
4294967294,450
4294967294,1454
4294967294,390
4294967294,414
4294967294,421
4294967294,423
4294967294,410
4294967294,411
4294967294,404
4294967294,402
4294967294,397
4294967294,406
4294967294,403
4294967294,1245
4294967294,392
4294967294,559
4294967294,558
4294967294,557
4294967294,556
4294967294,555
